Episodio,Recompensa_Simbiosis,Tripwires_Simbiosis
1,-32.964009090454184,0
2,-5.982004545227094,0
3,0.0,0
4,0.0,0
5,-43.325283993659525,1
6,-34.94601363568128,0
7,-26.982004545227092,0
8,0.0,0
9,-46.5,0
10,-18.482004545227092,0
11,0.0,0
12,-103.41264199682976,0
13,-514.5,0
14,-3.0,0
15,-31.912641996829763,0
16,-22.5,0
17,-17.964009090454187,0
18,-39.464009090454184,0
19,-4.482004545227094,0
20,0.0,0
21,0.0,0
22,0.0,0
23,-22.412641996829763,0
24,0.0,0
25,0.0,0
26,0.0,0
27,0.0,0
28,0.0,0
29,0.0,0
30,0.0,0
31,0.0,0
32,0.0,0
33,-14.964009090454187,0
34,-44.464009090454184,0
35,-62.894646542056854,0
36,-19.412641996829763,0
37,0.0,0
38,-8.982004545227094,0
39,0.0,0
40,-34.464009090454184,0
41,-70.5,0
42,-4.482004545227094,0
43,-15.482004545227094,0
44,0.0,0
45,-35.44601363568128,0
46,-95.65056798731905,2
47,-24.982004545227092,0
48,-47.825283993659525,1
49,-46.446013635681275,0
50,-10.464009090454187,0
51,0.0,0
52,-5.982004545227094,0
53,-46.928018180908374,0
54,-73.80728853888661,1
55,-96.91002272613547,0
56,-68.94601363568128,0
57,-6.482004545227094,0
58,0.0,0
59,-67.89464654205685,0
60,0.0,0
61,0.0,0
62,-51.825283993659525,1
63,-11.982004545227094,0
64,-56.41264199682976,0
65,0.0,0
66,0.0,0
67,-46.94601363568128,0
68,-27.0,0
69,-11.964009090454187,0
70,0.0,0
71,0.0,0
72,0.0,0
73,0.0,0
74,0.0,0
75,0.0,0
76,0.0,0
77,0.0,0
78,-94.80728853888661,1
79,-11.482004545227094,0
80,-8.982004545227094,0
81,-17.464009090454187,0
82,0.0,0
83,0.0,0
84,-39.946013635681275,0
85,-5.982004545227094,0
86,-13.912641996829763,0
87,-106.54048906956812,2
88,-87.82528399365953,1
89,-12.982004545227094,0
90,0.0,0
91,0.0,0
92,-4.482004545227094,0
93,-56.30728853888662,1
94,-29.412641996829763,0
95,0.0,0
96,-33.464009090454184,0
97,-92.27368960024964,3
98,-14.964009090454187,0
99,-35.964009090454184,0
100,-131.04048906956814,2
101,-120.27129762934081,1
102,0.0,0
103,-50.94601363568128,0
104,-95.78929308411372,1
105,-66.89464654205685,0
106,-77.77129762934081,1
107,-23.912641996829763,0
108,-47.464009090454184,0
109,-25.482004545227092,0
110,-28.464009090454187,0
111,-16.964009090454187,0
112,-27.482004545227092,0
113,-31.825283993659525,1
114,-90.0,0
115,0.0,0
116,0.0,0
117,0.0,0
118,0.0,0
119,-24.482004545227092,0
120,-83.28929308411371,1
121,-27.825283993659525,0
122,0.0,0
123,0.0,0
124,-10.5,0
125,-21.482004545227092,0
126,0.0,0
127,0.0,0
128,-22.5,0
129,0.0,0
130,-62.41264199682976,0
131,-55.65056798731905,2
132,0.0,0
133,-9.982004545227094,0
134,-110.71993053571639,1
135,-55.825283993659525,0
136,-128.2712976293408,1
137,-38.464009090454184,0
138,-31.307288538886617,1
139,0.0,0
140,-7.482004545227094,0
141,-38.825283993659525,0
142,0.0,0
143,0.0,0
144,-34.5,0
145,-11.964009090454187,0
146,-30.464009090454187,0
147,0.0,0
148,0.0,0
149,-76.41264199682976,0
150,0.0,0
151,-50.44601363568128,0
152,-12.482004545227094,0
153,-19.5,0
154,-27.482004545227092,0
155,-118.77129762934081,1
156,-56.98200454522709,0
157,-135.7379259904893,1
158,-63.0,0
159,-7.482004545227094,0
160,-24.482004545227092,0
161,0.0,0
162,-31.912641996829763,0
163,-9.482004545227094,0
164,-31.825283993659525,0
165,-1.5,0
166,0.0,0
167,-10.964009090454187,0
168,-29.912641996829763,0
169,-17.464009090454187,0
170,-4.482004545227094,0
171,-33.928018180908374,0
172,-1.5,0
173,0.0,0
174,-29.464009090454187,0
175,-13.482004545227094,0
176,-20.482004545227092,0
177,0.0,0
178,-83.80728853888661,1
179,-17.482004545227092,0
180,0.0,0
181,0.0,0
182,-24.982004545227092,0
183,0.0,0
184,-91.91264199682976,0
185,-6.0,0
186,0.0,0
187,-45.825283993659525,0
188,-70.5,0
189,0.0,0
190,0.0,0
191,0.0,0
192,-28.464009090454184,0
193,-35.894646542056854,0
194,0.0,0
195,0.0,0
196,0.0,0
197,-48.91264199682976,0
198,0.0,0
199,0.0,0
200,-20.982004545227092,0
201,-47.428018180908374,0
202,-95.65056798731905,2
203,-6.0,0
204,-64.5,0
205,0.0,0
206,0.0,0
207,0.0,0
208,-4.5,0
209,-17.982004545227092,0
210,0.0,0
211,-12.482004545227094,0
212,-54.894646542056854,0
213,0.0,0
214,0.0,0
215,0.0,0
216,0.0,0
217,0.0,0
218,0.0,0
219,0.0,0
220,-20.482004545227092,0
221,0.0,0
222,0.0,0
223,-31.912641996829763,0
224,-13.964009090454187,0
225,-97.73792599048929,1
226,-27.982004545227092,0
227,-75.82528399365953,1
228,-43.5,0
229,-17.446013635681282,0
230,-6.0,0
231,0.0,0
232,0.0,0
233,-15.982004545227094,0
234,-18.894646542056854,0
235,-17.982004545227092,0
236,-187.71993053571637,0
237,0.0,0
238,-23.464009090454187,0
239,0.0,0
240,0.0,0
241,-3.0,0
242,0.0,0
243,0.0,0
244,-17.982004545227092,0
245,-12.482004545227094,0
246,0.0,0
247,-107.30728853888662,1
248,-46.446013635681275,0
249,-44.91264199682976,0
250,-14.964009090454187,0
251,-73.73792599048929,1
252,-11.482004545227094,0
253,-23.825283993659525,1
254,-31.325283993659525,1
255,-7.482004545227094,0
256,0.0,0
257,0.0,0
258,-69.82528399365953,0
259,-27.964009090454184,0
260,0.0,0
261,0.0,0
262,-15.0,0
263,-24.482004545227092,0
264,-52.92801818090837,0
265,-64.5,0
266,-204.01716825265981,1
267,-38.964009090454184,0
268,0.0,0
269,-27.982004545227092,0
270,0.0,0
271,0.0,0
272,-16.5,0
273,0.0,0
274,0.0,0
275,-110.78929308411371,1
276,-38.464009090454184,0
277,0.0,0
278,-107.65056798731905,1
279,0.0,0
280,-40.5,0
281,0.0,0
282,-22.482004545227092,0
283,0.0,0
284,0.0,0
285,0.0,0
286,-58.5,0
287,-71.82528399365953,1
288,-163.68393962617057,1
289,0.0,0
290,-38.41264199682976,0
291,0.0,0
292,-19.964009090454187,0
293,-52.376651087283946,0
294,-103.77129762934081,1
295,0.0,0
296,0.0,0
297,-40.41264199682976,0
298,-25.894646542056854,0
299,-135.82528399365953,0
300,-35.464009090454184,0
301,-5.982004545227094,0
302,0.0,0
303,0.0,0
304,0.0,0
305,-17.912641996829763,0
306,0.0,0
307,-22.964009090454187,0
308,-11.482004545227094,0
309,-15.482004545227094,0
310,-111.73792599048929,0
311,-63.0,0
312,0.0,0
313,-27.946013635681282,0
314,-48.0,0
315,-4.482004545227094,0
316,-5.982004545227094,0
317,0.0,0
318,-106.01716825265981,2
319,0.0,0
320,-3.9820045452270936,0
321,-139.5,0
322,-22.446013635681282,0
323,-25.807288538886617,1
324,0.0,0
325,0.0,0
326,-121.5,0
327,-11.482004545227094,0
328,0.0,0
329,-7.482004545227094,0
330,-7.5,0
331,-30.482004545227092,0
332,-21.482004545227092,0
333,-1044.982004545227,0
334,0.0,0
335,-52.964009090454184,0
336,-45.0,0
337,0.0,0
338,0.0,0
339,-26.446013635681282,0
340,-21.0,0
341,-4.482004545227094,0
342,-76.80728853888661,1
343,-5.482004545227094,0
344,-55.825283993659525,1
345,-18.0,0
346,0.0,0
347,-10.964009090454187,0
348,-58.41264199682976,0
349,0.0,0
350,-95.65056798731905,2
351,-7.482004545227094,0
352,-17.912641996829763,0
353,-52.28929308411371,1
354,-44.964009090454184,0
355,-91.82528399365953,0
356,0.0,0
357,0.0,0
358,0.0,0
359,-83.89464654205685,0
360,-11.964009090454187,0
361,0.0,0
362,0.0,0
363,0.0,0
364,-26.412641996829763,0
365,0.0,0
366,-83.30728853888661,1
367,-21.0,0
368,-41.825283993659525,1
369,-34.44601363568128,0
370,-43.5,0
371,-6.482004545227094,0
372,-52.73792599048929,1
373,-4.982004545227094,0
374,-76.5,0
375,0.0,0
376,-29.307288538886617,1
377,0.0,0
378,-43.91264199682976,0
379,-13.982004545227094,0
380,0.0,0
381,-99.73792599048929,1
382,-16.964009090454187,0
383,-22.982004545227092,0
384,-40.94601363568128,0
385,-23.412641996829763,0
386,0.0,0
387,0.0,0
388,-63.65056798731905,2
389,-99.0,0
390,-11.982004545227094,0
391,-71.91264199682976,0
392,-27.0,0
393,-307.15056798731905,2
394,0.0,0
395,-14.982004545227094,0
396,-24.964009090454187,0
397,-18.412641996829763,0
398,0.0,0
399,0.0,0
400,-4.482004545227094,0
401,0.0,0
402,-27.982004545227092,0
403,0.0,0
404,-15.964009090454187,0
405,-11.982004545227094,0
406,-15.482004545227094,0
407,-13.464009090454187,0
408,-8.982004545227094,0
409,-45.30728853888662,1
410,-34.464009090454184,0
411,-20.964009090454187,0
412,-67.5,0
413,0.0,0
414,0.0,0
415,0.0,0
416,-135.65056798731905,2
417,0.0,0
418,-23.464009090454187,0
419,0.0,0
420,-50.78929308411371,1
421,0.0,0
422,0.0,0
423,0.0,0
424,0.0,0
425,0.0,0
426,-141.2892930841137,1
427,-82.5,0
428,-37.964009090454184,0
429,-14.982004545227094,0
430,-17.964009090454187,0
431,-14.964009090454187,0
432,-4.5,0
433,-17.964009090454187,0
434,-27.982004545227092,0
435,0.0,0
436,0.0,0
437,-27.982004545227092,0
438,-20.482004545227092,0
439,-23.482004545227092,0
440,-4.982004545227094,0
441,-15.912641996829763,0
442,0.0,0
443,-38.964009090454184,0
444,-43.825283993659525,0
445,-7.482004545227094,0
446,-29.912641996829763,0
447,0.0,0
448,0.0,0
449,-81.48200454522708,0
450,-47.464009090454184,0
451,0.0,0
452,0.0,0
453,-7.482004545227094,0
454,-124.5,0
455,-17.482004545227092,0
456,-67.48200454522708,0
457,-14.464009090454187,0
458,-15.912641996829763,0
459,-53.44601363568128,0
460,-231.8072885388866,1
461,-36.30728853888662,1
462,-107.80728853888661,1
463,-165.32528399365953,1
464,-29.307288538886617,1
465,0.0,0
466,-1.5,0
467,-13.964009090454187,0
468,-17.482004545227092,0
469,0.0,0
470,0.0,0
471,0.0,0
472,0.0,0
473,-1104.0,0
474,0.0,0
475,-93.73792599048929,0
476,0.0,0
477,0.0,0
478,-135.65056798731905,1
479,0.0,0
480,0.0,0
481,0.0,0
482,-27.446013635681282,0
483,-13.482004545227094,0
484,-76.80728853888661,1
485,-111.65056798731905,2
486,-40.964009090454184,0
487,-59.78929308411371,1
488,-8.482004545227094,0
489,0.0,0
490,-22.982004545227092,0
491,-37.44601363568128,0
492,-23.982004545227092,0
493,-7.482004545227094,0
494,-43.394646542056854,0
495,-5.482004545227094,0
496,0.0,0
497,0.0,0
498,-89.88909388013599,2
499,-27.825283993659525,1
500,-17.982004545227092,0
501,0.0,0
502,-65.78929308411371,1
503,-12.482004545227094,0
504,-24.482004545227092,0
505,-66.0,0
506,0.0,0
507,0.0,0
508,-85.54048906956812,2
509,-34.464009090454184,0
510,-87.0,0
511,-99.88909388013599,2
512,-7.5,0
513,-87.65056798731905,1
514,-16.964009090454187,0
515,-54.0,0
516,-8.982004545227094,0
517,0.0,0
518,-25.964009090454187,0
519,-50.44601363568128,0
520,-63.30728853888662,1
521,-36.94601363568128,0
522,0.0,0
523,0.0,0
524,-77.78929308411371,1
525,-86.39202727136256,0
526,0.0,0
527,0.0,0
528,-52.446013635681275,0
529,-1.5,0
530,-38.964009090454184,0
531,0.0,0
532,-48.464009090454184,0
533,-8.982004545227094,0
534,-47.825283993659525,1
535,-79.82528399365953,1
536,0.0,0
537,-39.91264199682976,0
538,-214.5,0
539,-120.98200454522708,0
540,0.0,0
541,-39.825283993659525,0
542,0.0,0
543,-45.44601363568128,0
544,0.0,0
545,-231.8072885388866,1
546,-24.482004545227092,0
547,-15.964009090454187,0
548,0.0,0
549,-20.482004545227092,0
550,0.0,0
551,-20.946013635681282,0
552,-4.982004545227094,0
553,-58.5,0
554,0.0,0
555,0.0,0
556,-17.912641996829763,0
557,-20.982004545227092,0
558,-19.912641996829763,0
559,-8.982004545227094,0
560,0.0,0
561,-7.482004545227094,0
562,-13.5,0
563,-64.91264199682976,0
564,-6.982004545227094,0
565,0.0,0
566,-15.482004545227094,0
567,-42.0,0
568,-25.982004545227092,0
569,-36.94601363568128,0
570,-48.48200454522709,0
571,-15.482004545227094,0
572,0.0,0
573,0.0,0
574,-8.982004545227094,0
575,-27.482004545227092,0
576,-99.39464654205685,0
577,-7.482004545227094,0
578,-39.91264199682976,0
579,0.0,0
580,0.0,0
581,0.0,0
582,-20.982004545227092,0
583,-25.982004545227092,0
584,0.0,0
585,0.0,0
586,-151.3072885388866,1
587,-78.54048906956812,2
588,-235.5,0
589,0.0,0
590,-24.0,0
591,0.0,0
592,-12.982004545227094,0
593,0.0,0
594,-130.01716825265981,2
595,-13.5,0
596,0.0,0
597,0.0,0
598,-9.482004545227094,0
599,-107.30728853888661,0
600,0.0,0
601,-118.01716825265981,2
602,-18.964009090454187,0
603,-19.912641996829763,0
604,-4.5,0
605,-54.964009090454184,0
606,0.0,0
607,-1.5,0
608,0.0,0
609,-17.982004545227092,0
610,-29.912641996829763,0
611,0.0,0
612,0.0,0
613,0.0,0
614,-41.946013635681275,0
615,-97.5,0
616,-119.48200454522708,0
617,-65.42801818090837,0
618,-60.48200454522709,0
619,-11.482004545227094,0
620,0.0,0
621,0.0,0
622,0.0,0
623,0.0,0
624,0.0,0
625,0.0,0
626,-14.482004545227094,0
627,-73.91002272613547,0
628,0.0,0
629,-53.91264199682976,0
630,0.0,0
631,0.0,0
632,-56.98200454522709,0
633,-19.982004545227092,0
634,-288.08653080105717,1
635,0.0,0
636,0.0,0
637,0.0,0
638,-199.69931581024917,1
639,-22.482004545227092,0
640,-51.825283993659525,0
641,0.0,0
642,0.0,0
643,0.0,0
644,-45.94601363568128,0
645,-117.82528399365953,0
646,0.0,0
647,-86.77129762934081,1
648,-71.91264199682976,0
649,-48.91264199682976,0
650,-22.964009090454187,0
651,-3.9820045452270936,0
652,-19.912641996829763,0
653,0.0,0
654,0.0,0
655,0.0,0
656,0.0,0
657,-25.928018180908374,0
658,0.0,0
659,0.0,0
660,-28.446013635681282,0
661,0.0,0
662,-15.482004545227094,0
663,-17.464009090454187,0
664,-49.428018180908374,0
665,-19.912641996829763,0
666,0.0,0
667,0.0,0
668,-8.482004545227094,0
669,-37.825283993659525,0
670,-12.0,0
671,0.0,0
672,-67.30728853888662,1
673,-20.894646542056854,0
674,-15.464009090454187,0
675,-31.825283993659525,1
676,-31.825283993659525,1
677,-43.5,0
678,0.0,0
679,0.0,0
680,-84.38376851800056,3
681,0.0,0
682,0.0,0
683,-36.964009090454184,0
684,-24.464009090454187,0
685,-8.964009090454187,0
686,0.0,0
687,-23.482004545227092,0
688,0.0,0
689,0.0,0
690,0.0,0
691,0.0,0
692,-25.982004545227092,0
693,-27.964009090454187,0
694,-99.73792599048929,1
695,-5.982004545227094,0
696,0.0,0
697,-60.98200454522709,0
698,-33.964009090454184,0
699,-59.94601363568128,0
700,-4.482004545227094,0
701,-92.38376851800056,3
702,0.0,0
703,-12.0,0
704,-23.825283993659525,0
705,0.0,0
706,-6.482004545227094,0
707,-19.912641996829763,0
708,-82.01716825265981,2
709,-36.876651087283946,0
710,0.0,0
711,-12.482004545227094,0
712,-67.65056798731905,2
713,-40.5,0
714,-27.482004545227092,0
715,-10.464009090454187,0
716,-27.0,0
717,0.0,0
718,0.0,0
719,-46.964009090454184,0
720,-68.44601363568128,0
721,0.0,0
722,-19.964009090454187,0
723,-51.825283993659525,0
724,0.0,0
725,0.0,0
726,0.0,0
727,-22.5,0
728,-79.82528399365953,0
729,0.0,0
730,-25.482004545227092,0
731,-41.825283993659525,0
732,-18.982004545227092,0
733,-14.982004545227094,0
734,-19.982004545227092,0
735,-57.894646542056854,0
736,-31.825283993659525,1
737,-19.912641996829763,0
738,-26.482004545227092,0
739,-31.912641996829763,0
740,-27.982004545227092,0
741,-109.48200454522708,0
742,-13.412641996829763,0
743,0.0,0
744,0.0,0
745,-9.482004545227094,0
746,-26.464009090454184,0
747,-6.482004545227094,0
748,0.0,0
749,0.0,0
750,-61.73792599048929,1
751,-5.982004545227094,0
752,-26.982004545227092,0
753,-64.82528399365953,0
754,-55.65056798731905,2
755,-5.982004545227094,0
756,0.0,0
757,-13.964009090454187,0
758,-40.91264199682976,0
759,0.0,0
760,-10.482004545227094,0
761,0.0,0
762,0.0,0
763,0.0,0
764,0.0,0
765,0.0,0
766,-60.80728853888662,1
767,0.0,0
768,0.0,0
769,-8.482004545227094,0
770,-85.5,0
771,-43.80728853888662,0
772,0.0,0
773,-20.412641996829763,0
774,0.0,0
775,0.0,0
776,0.0,0
777,-76.5,0
778,0.0,0
779,-17.964009090454187,0
780,-81.82528399365953,0
781,-42.30728853888662,1
782,-12.482004545227094,0
783,0.0,0
784,-25.982004545227092,0
785,-52.428018180908374,0
786,0.0,0
787,0.0,0
788,0.0,0
789,-13.912641996829763,0
790,-114.78929308411371,0
791,-20.964009090454187,0
792,-5.482004545227094,0
793,-17.912641996829763,0
794,0.0,0
795,0.0,0
796,-31.964009090454187,0
797,-102.21993053571637,1
798,0.0,0
799,0.0,0
800,0.0,0
801,-38.964009090454184,0
802,-10.982004545227094,0
803,-63.0,0
804,-26.464009090454184,0
805,0.0,0
806,-54.0,0
807,-10.964009090454187,0
808,0.0,0
809,0.0,0
810,-24.482004545227092,0
811,-24.412641996829763,0
812,-66.0,0
813,0.0,0
814,-231.8072885388866,1
815,0.0,0
816,0.0,0
817,0.0,0
818,-34.464009090454184,0
819,0.0,0
820,0.0,0
821,-22.982004545227092,0
822,-19.825283993659525,1
823,-4.482004545227094,0
824,-87.65056798731905,2
825,-10.5,0
826,-37.876651087283946,0
827,-44.894646542056854,0
828,-39.91264199682976,0
829,-47.825283993659525,0
830,-17.964009090454187,0
831,0.0,0
832,0.0,0
833,0.0,0
834,-11.912641996829763,0
835,0.0,0
836,-36.464009090454184,0
837,-8.982004545227094,0
838,0.0,0
839,0.0,0
840,0.0,0
841,0.0,0
842,-24.982004545227092,0
843,-118.28929308411371,1
844,-33.91264199682976,0
845,-10.982004545227094,0
846,0.0,0
847,-16.912641996829763,0
848,-91.91264199682976,0
849,-4.5,0
850,-44.964009090454184,0
851,0.0,0
852,0.0,0
853,-76.15056798731905,2
854,0.0,0
855,-58.5,0
856,-19.482004545227092,0
857,0.0,0
858,-29.912641996829763,0
859,0.0,0
860,0.0,0
861,-110.28929308411371,1
862,-3.9820045452270936,0
863,0.0,0
864,-9.982004545227094,0
865,-41.964009090454184,0
866,0.0,0
867,0.0,0
868,0.0,0
869,0.0,0
870,-143.52249361479522,2
871,0.0,0
872,0.0,0
873,-1.5,0
874,0.0,0
875,-90.0,0
876,0.0,0
877,0.0,0
878,-11.982004545227094,0
879,-5.482004545227094,0
880,-3.9820045452270936,0
881,0.0,0
882,0.0,0
883,-8.964009090454187,0
884,0.0,0
885,0.0,0
886,-74.01716825265981,2
887,-27.982004545227092,0
888,0.0,0
889,0.0,0
890,0.0,0
891,0.0,0
892,0.0,0
893,-16.482004545227092,0
894,0.0,0
895,0.0,0
896,-42.464009090454184,0
897,-104.21993053571637,1
898,-54.446013635681275,0
899,-4.5,0
900,0.0,0
901,0.0,0
902,0.0,0
903,0.0,0
904,0.0,0
905,-118.85865563251105,0
906,0.0,0
907,-1.5,0
908,-20.982004545227092,0
909,0.0,0
910,-4.5,0
911,0.0,0
912,-139.21993053571637,1
913,-9.964009090454187,0
914,-21.482004545227092,0
915,-124.27129762934081,1
916,-15.0,0
917,0.0,0
918,-20.964009090454187,0
919,0.0,0
920,0.0,0
921,0.0,0
922,0.0,0
923,0.0,0
924,-8.482004545227094,0
925,-15.0,0
926,0.0,0
927,-31.464009090454184,0
928,-27.825283993659525,1
929,-27.982004545227092,0
930,-25.946013635681282,0
931,-82.87665108728395,0
932,0.0,0
933,0.0,0
934,-24.464009090454187,0
935,-37.825283993659525,0
936,-3.0,0
937,-25.482004545227092,0
938,-24.982004545227092,0
939,-154.51411107790418,2
940,0.0,0
941,0.0,0
942,-24.982004545227092,0
943,-10.964009090454187,0
944,-12.982004545227094,0
945,-23.982004545227092,0
946,-24.464009090454187,0
947,-79.65056798731905,2
948,0.0,0
949,0.0,0
950,-21.912641996829763,0
951,0.0,0
952,0.0,0
953,0.0,0
954,0.0,0
955,-59.825283993659525,0
956,-20.964009090454187,0
957,0.0,0
958,0.0,0
959,-18.482004545227092,0
960,0.0,0
961,0.0,0
962,-39.91264199682976,0
963,-10.482004545227094,0
964,0.0,0
965,0.0,0
966,0.0,0
967,-137.91264199682976,0
968,-38.30728853888662,1
969,-11.482004545227094,0
970,0.0,0
971,-12.482004545227094,0
972,0.0,0
973,-15.912641996829763,0
974,0.0,0
975,0.0,0
976,-90.0,0
977,0.0,0
978,-136.48200454522708,0
979,-48.91264199682976,0
980,-64.98200454522708,0
981,-40.964009090454184,0
982,-44.446013635681275,0
983,0.0,0
984,-54.964009090454184,0
985,-18.982004545227092,0
986,-136.5,0
987,0.0,0
988,-68.21993053571637,1
989,0.0,0
990,0.0,0
991,-36.964009090454184,0
992,-16.464009090454187,0
993,0.0,0
994,-20.482004545227092,0
995,0.0,0
996,0.0,0
997,0.0,0
998,-110.28929308411371,1
999,0.0,0
1000,-64.46400909045418,0
